4,3
4,2
4,1
4,0
3,6
3,5
3,4
3,3
3,2
3,1
3,0
2,3
2,2
2,1
2,0
1,3
1,2
1,1
1,0
0,313
0,311
0,301
0,243
33,1
33,555
33,3
34,1
33,0
34,306
34,3
0,439
34,0
0,9
0,310
0,305
0,375
0,369
0,308
0,304
0,303
0,302
0,307
0,446
0,12
0,438
0,10
0,8
0,0
0,427
0,300
0,462
0,299
0,501
0,298
0,328
0,297
0,413
0,296
0,346
0,295
0,339
0,294
0,416
0,293
0,444
0,292
0,404
0,291
0,353
0,290
0,457
0,289
0,392
0,288
0,508
0,287
0,412
0,286
0,409
0,285
0,415
0,284
0,455
0,283
0,470
0,282
0,320
0,281
0,426
0,280
0,425
0,279
0,414
0,278
0,277
0,453
0,276
0,452
0,275
0,437
0,274
0,403
0,273
0,496
0,272
0,323
0,271
0,407
0,270
0,402
0,269
0,401
0,268
0,390
0,267
0,400
0,266
0,341
0,265
0,340
0,264
0,424
0,263
0,361
0,262
0,373
0,261
0,260
0,259
0,423
0,258
0,314
0,257
0,372
0,256
0,383
0,255
0,384
0,254
0,356
0,253
0,382
0,252
0,436
0,251
0,451
0,250
0,491
0,249
0,370
0,248
0,333
0,247
0,435
0,246
0,434
0,245
0,399
0,244
0,367
0,242
0,319
0,241
0,349
0,240
0,366
0,239
0,433
0,238
0,450
0,237
0,432
0,236
0,235
0,321
0,234
0,396
0,233
0,365
0,232
0,380
0,231
0,378
0,230
0,422
0,229
0,421
0,228
0,377
0,227
0,358
0,226
0,355
0,225
0,342
0,224
0,420
0,223
0,332
0,222
0,511
0,221
0,406
0,220
0,419
0,219
0,331
0,218
0,410
0,217
0,443
0,216
0,387
0,215
0,417
0,214
0,337
0,213
0,338
0,212
0,398
0,211
0,397
0,210
0,386
0,209
0,208
0,431
0,207
0,448
0,206
0,354
0,205
0,449
0,204
0,476
0,203
0,312
0,202
0,454
0,201
0,348
0,200
0,336
0,199
0,198
0,391
0,197
0,376
0,196
